132
3.0 8.5 8.0 7.5 8.0 8.0 8.5 8.5 -1.0
3.2 8.5 7.5 8.0 8.0 8.0 8.0 8.0 -1.0
3.5 8.0 8.0 7.0 7.5 7.5 7.5 7.0 -1.0
3.4 8.5 8.5 8.0 8.5 8.5 8.0 8.0 -1.0
3.6 8.5 8.0 8.0 8.5 7.5 9.0 8.0 -1.0
3.8 8.0 8.0 8.0 7.5 7.0 7.5 8.0 -1.0
653
3.0 8.5 8.5 8.0 8.0 8.0 8.5 8.0 -1.0
3.3 8.5 9.0 9.0 8.5 9.0 9.0 9.5 -1.0
3.2 9.5 9.0 9.0 9.0 9.0 9.0 8.5 -1.0
3.4 9.0 9.5 9.5 9.0 9.0 9.5 9.5 -1.0
3.2 8.5 8.5 8.5 8.0 8.5 9.0 8.5 -1.0
3.8 9.5 9.5 10.0 9.0 9.0 9.0 9.5 -1.0
255
3.2 9.0 9.5 8.5 9.5 8.5 9.0 9.5 -1.0
3.2 7.5 7.0 6.0 7.5 6.5 6.5 7.0 -1.0
3.0 9.5 9.0 8.5 9.0 9.0 8.5 9.0 -1.0
3.3 8.5 9.0 9.5 9.5 9.0 9.5 9.0 -1.0
3.4 8.5 9.0 8.5 8.5 8.5 8.5 9.0 -1.0
3.8 8.5 8.5 8.5 9.0 8.5 8.0 9.0 -1.0
876
3.2 8.0 8.5 8.0 8.5 8.0 7.5 8.0 -1.0
3.5 8.0 7.5 8.0 8.0 7.0 6.0 7.0 -1.0
3.5 7.5 6.0 7.0 7.0 6.5 5.5 6.5 -1.0
3.6 4.0 4.0 4.0 4.5 3.5 3.0 4.5 -1.0
3.4 5.0 4.5 5.0 5.5 4.5 3.5 4.0 -1.0
3.8 7.5 5.5 6.0 6.5 6.0 5.5 5.5 -1.0
734
3.0 9.0 9.0 9.0 9.0 8.5 9.0 9.0 -1.0
3.2 8.5 9.0 9.0 8.5 8.0 9.0 9.0 -1.0
3.2 8.5 8.5 8.0 8.5 8.0 8.0 8.0 -1.0
3.6 7.5 7.5 8.0 8.0 8.0 8.0 7.5 -1.0
3.4 6.0 6.0 5.5 7.0 6.5 6.5 7.0 -1.0
3.4 9.0 9.0 9.0 9.0 9.0 8.5 9.0 -1.0
978
3.0 9.0 8.5 8.0 8.5 8.5 9.0 8.5 -1.0
3.6 7.5 8.0 7.5 7.5 7.0 7.5 7.0 -1.0
3.2 8.0 7.5 8.0 8.0 8.0 8.0 8.0 -1.0
3.3 5.5 4.5 5.5 4.5 4.5 4.5 5.0 -1.0
3.4 9.0 9.0 9.0 9.0 9.0 9.0 9.0 -1.0
3.8 6.0 6.0 6.0 6.0 5.5 5.5 4.5 -1.0
451
3.0 7.5 7.5 7.5 8.0 7.0 7.5 7.5 -1.0
3.2 8.0 6.5 7.5 7.0 7.0 8.0 7.5 -1.0
3.1 7.5 7.0 6.5 7.5 7.5 7.0 7.5 -1.0
3.3 4.5 4.5 5.5 5.0 5.0 4.0 5.0 -1.0
3.4 8.5 8.5 8.5 8.5 8.5 8.0 8.5 -1.0
3.4 7.5 7.5 8.0 8.0 8.0 7.5 8.0 -1.0
861
3.2 8.5 8.5 8.0 9.0 8.5 8.0 8.5 -1.0
3.0 8.0 8.0 7.5 8.0 7.5 7.5 7.5 -1.0
3.2 8.0 8.0 7.5 8.0 7.5 7.5 6.5 -1.0
3.4 8.0 7.5 8.0 8.0 7.0 7.5 7.0 -1.0
3.3 9.0 8.0 8.5 8.5 8.5 9.0 8.5 -1.0
3.4 9.0 9.0 8.5 8.5 8.5 8.0 9.0 -1.0
459
3.4 6.5 7.0 7.0 7.0 7.0 7.0 7.5 -1.0
3.0 8.0 8.0 7.5 8.5 8.0 8.0 8.0 -1.0
3.2 8.0 8.0 8.0 8.0 7.5 8.0 7.5 -1.0
3.2 9.0 9.5 9.0 9.0 9.0 8.0 9.0 -1.0
3.3 9.5 9.0 9.0 9.0 9.5 8.5 9.0 -1.0
3.4 6.5 6.0 6.5 6.0 6.5 4.0 6.0 -1.0
591
3.0 9.0 9.0 8.0 8.5 9.0 9.0 9.0 -1.0
3.2 10.0 10.0 9.0 9.5 9.5 9.5 10.0 -1.0
3.5 9.5 9.0 9.5 9.5 9.0 9.0 9.0 -1.0
3.6 9.0 8.5 9.0 8.5 8.5 8.5 8.5 -1.0
3.4 9.0 9.5 9.5 9.5 10.0 9.5 9.5 -1.0
3.8 8.0 8.0 8.0 8.0 8.0 7.0 8.5 -1.0
492
3.0 8.5 8.5 8.0 8.5 8.0 8.5 9.0 -1.0
3.2 8.0 8.5 7.5 8.5 8.0 8.0 8.5 -1.0
3.2 8.0 7.5 7.5 7.0 7.5 7.0 7.0 -1.0
3.3 9.0 9.0 9.0 9.0 9.0 9.5 9.0 -1.0
3.4 8.0 7.5 8.0 7.5 7.5 8.0 7.0 -1.0
3.4 8.5 6.0 5.5 6.5 5.5 7.0 5.5 -1.0
118
3.0 8.0 8.5 7.5 8.5 8.0 8.0 8.5 -1.0
3.2 8.0 7.5 8.0 8.0 8.5 8.5 8.0 -1.0
3.2 8.5 8.0 7.5 8.0 7.5 7.5 8.0 -1.0
3.6 5.5 6.0 6.5 5.5 5.5 4.5 6.0 -1.0
3.4 7.5 8.0 7.5 8.0 8.0 7.5 8.0 -1.0
3.4 8.5 8.0 9.0 8.5 8.5 8.0 9.0 -1.0
285
3.4 7.5 8.0 7.5 7.5 8.5 8.5 8.0 -1.0
3.0 7.0 7.5 7.0 7.5 7.5 7.0 7.5 -1.0
3.2 7.0 6.0 5.5 5.5 5.5 6.0 5.5 -1.0
3.2 8.5 8.0 8.0 8.0 8.0 8.0 8.5 -1.0
3.4 8.0 8.5 8.5 8.0 7.5 8.0 8.0 -1.0
3.6 6.5 7.5 7.5 7.5 7.0 5.5 7.0 -1.0
852
3.0 9.0 9.5 9.0 9.0 9.0 9.0 9.5 -1.0
3.2 7.0 7.5 7.5 6.5 7.5 7.5 7.5 -1.0
3.2 7.5 7.5 8.0 7.0 7.0 8.0 7.0 -1.0
3.3 9.0 9.0 10.0 9.0 9.5 10.0 9.0 -1.0
3.4 4.0 4.0 4.0 4.0 4.0 3.0 3.5 -1.0
3.8 6.5 6.5 7.0 6.5 7.0 6.0 7.0 -1.0
691
3.0 9.0 9.0 8.5 9.0 8.5 8.5 9.0 -1.0
3.3 7.0 6.5 6.5 7.0 6.5 5.5 6.5 -1.0
3.1 8.0 7.5 7.5 7.0 7.5 7.0 7.5 -1.0
3.2 8.5 8.5 8.5 8.5 8.5 9.0 8.0 -1.0
3.4 3.0 3.5 3.5 3.5 4.0 3.0 3.5 -1.0
3.4 8.5 7.5 8.0 8.5 8.5 8.0 8.0 -1.0
543
3.2 7.0 7.0 7.0 7.0 6.5 5.5 6.5 -1.0
3.3 5.5 5.5 5.5 6.0 6.0 4.5 5.5 -1.0
3.2 8.0 7.5 7.5 7.5 7.5 7.5 7.0 -1.0
3.4 5.0 5.0 4.0 4.5 5.0 3.5 5.5 -1.0
3.0 8.0 8.5 8.0 7.0 8.0 8.5 9.0 -1.0
3.4 8.0 7.5 7.5 7.5 7.5 7.0 7.5 -1.0
670
3.0 8.5 8.5 8.5 8.5 8.5 7.5 8.0 -1.0
3.4 9.5 9.5 9.0 9.0 9.0 10.0 10.0 -1.0
3.5 9.0 9.0 9.0 9.0 9.0 9.5 9.0 -1.0
3.6 9.0 9.5 9.0 9.5 9.0 9.0 9.0 -1.0
3.2 9.5 9.0 9.0 9.5 9.5 9.0 9.0 -1.0
3.4 7.5 7.5 8.0 7.0 7.5 6.0 7.0 -1.0
971
3.0 7.0 7.5 7.5 7.5 7.5 7.0 7.5 -1.0
3.2 9.0 8.5 8.5 8.5 8.0 8.5 9.5 -1.0
3.2 6.5 5.5 5.5 5.0 6.0 4.5 6.5 -1.0
3.4 7.5 7.0 6.5 7.5 7.0 6.0 7.0 -1.0
3.3 4.5 5.0 4.5 4.0 5.0 6.0 6.0 -1.0
3.4 7.0 6.5 7.0 6.5 7.0 5.0 6.0 -1.0
